501085029175672832
501085312370876416
501123137745211392
501124233561255936
501165162850557953
501172310686957568
501196019842170880
501197739460685825
501215472600502272
501218737698402304
501219594875326465
501219654959120385
501219739344322560
501220628482260993
501221533277097984
501221885968138240
501223065179541504
501223193437151232
501223439693135872
501223498992586752
501223507532218369
501223619192950784
501223667519737856
501223765976436736
501223880359677952
501223937515479040
501224001549901824
501224013101023232
501224020461645825
501224172736217088
501224184618303489
501224251979214849
501224265262596096
501224530946187265
501224535958749184
501224606926389248
501224623678447616
501224772345561088
501225451109769217
501225472479723520
501225481639694336
501225728252604417
501225832036462595
501225927167078401
501225933635088384
501226059371511809
501226098839924738
501226105345699840
501226328729735170
501226519357042688
501226590412734466
501227043262976000
501227160552898561
501228147921412096
501228704706469888
501228808390053888
501229336234835969
501229778041458688
501231389572734976
501231389333667842
501231498012684289
501231613871915009
501231751449288704
501231767647715328
501231790477299712
501231816624570368
501231855312834560
501231856159707137
501231865613660160
501231878641561600
501231895112597504
501232006999855104
501232021629591552
501232022484836352
501232034572820480
501232070921035776
501232160784019457
501232279285678080
501232331907428352
501232344355717122
501232405923917825
501232447909294080
501232608404307968
501232633607884801
501232645469384704
501232689094344704
501232754168979456
501232811337342976
501232847135338497
501233098252894210
501233117131472896
501233126178177024
501233397117620225
501233413782011905
501233665020796930
501233701842219008
501233786651430912
501233806913712128
501233904292859904
501234375791349761
501234602288353280
501234732592795648
501234951766163456
501235062088941568
501235362694692864
501235539115507712
501235950731526144
501235980620156928
501807922582925313
501819891792367616
501836268041285632
501837060836454400
501837085280444417
501837896702517248
501838121903083521
501838672019607552
501838852491735040
501839141886107648
501839247951687680
501839249520332800
501839342998786048
501839473739853824
501839501833293826
501840088771612674
501840096736194561
501840375162474496
501840530817679361
501840566196252674
501841153277571072
501841272894939136
501841313688338432
501841421725220864
501841452704350208
501841923976732672
501841970629582848
501841972248604673
501841973842436096
501841975444656128
501841978644910080
501841980951764992
501841982696611840
501841984772767744
501841987918512128
501842119091572737
501842657698521088
501842784173568000
501842786002272257
501842813797941248
501842834555535360
501842844189872128
501842855011176448
501843037996060672
501843039518597122
501843042798538753
501843044304314368
501843045793288192
501843048897064960
501843134465052672
501843632907763713
501843652298035200
501843685961510912
501844037306183680
501844104301801472
501844357939343361
501844395285417984
501844432014942208
501844469172297728
501844506543534080
501844543889604609
501844581428645888
501844618573402112
501844655743307776
501844660596539393
501844692816781313
501844729697275904
501844766795911168
501844803999367169
501844841144152064
501844955045060609
501845024330350593
501845097856499712
501845108585553920
501845117406175232
501845122640650240
501845134716059649
501845140978151424
501845129410248704
501845171076485121
501845207462060032
501845317327671296
501845380716183553
501845390795079681
501845401796755456
501845427939852289
501845465097199617
501845539193757697
501845613588127744
501845651265556480
501845689354043392
501846057182326784
501846561786437633
501846721929179137
501848058003349504
501849430736113664
501851428068294656
501852196716412928
501853098651172864
501854739684786176
501855225624276993
501859325158391809
501859568964874240
501859941570080768
501860243844784129
501860687480492032
501863163999318016
501863222551400449
501863329510334465
501863486318989312
501863702589894656
501863753881616384
501863945138106370
501864117217419264
501864232796045312
501864261522432000
501864323200061440
501864489688764416
501864822922035200
501865365668773888
501865472430600192
501865564902416385
501865694603259904
501866250973478912
501866337573302272
501866372167905280
501866444229857280
501866477428166656
501866495258165249
501866608466604032
501866618239324161
501866759813890048
501866929087201280
501867003380895744
501867004832133121
501867008212750336
501867009865289728
501867012792926208
501867023463612416
501867033836154880
501867590386728962
501868152717062145
501868224829341696
501868293209083904
501868629483593729
501869035139510272
501869089673863169
501869240123920386
501869771223093248
501870264939188225
501871079938613248
501871291255635968
501871595829612545
501872372052275200
501873241527291904
501873446096498688
501873526551224321
501875824128438272
501875836648042496
501876043536674817
501876057012580352
501876107176857600
501876301448638465
501876301947744256
501876470525214720
501876480713175040
501876717045030912
501876765975777280
501876905289981952
501877155861921793
501877270110556161
501877637795819520
501877727742676993
501877934622535682
501877967057059840
501877967770091520
501877989286879232
501878282061496320
501878882564177920
501878923102523392
501878937396719616
501878777454948353
501878791434543104
501879787376607234
501880055333924864
501881229436669952
501882502995542016
501882882961702913
501883667929509888
501883724922093569
501885846791159808
501887460214071297
501887611741671424
501887791433646080
501890055053778946
501890909504421888
501891123787624448
501891501098799105
501891659739959296
501892277233414144
501892526178312192
501894173285679104
501896362636886016
501898516843597825
501899885432832000
501900676096868352
501901174841548801
501901675192651776
501901780997783552
501902148251418624
501904589872840704
501904732009803777
501907216744869889
501907912546332672
501908829135593472
501909208384561153
501909714763264000
501909949103210497
501911954349232129
501912056011194368
501912598271774720
501914164852314113
501915019446341632
501916784601989121
501920027562348544
501920634792722432
501922700575535104
501922961469997056
501923094382931968
501924963637817344
501925279191662592
501929521231429632
501939037259587585
501941790828933120
501941848386985984
501944582452838400
501945613144305664
501945991592148993
501945993525755904
501946828405743616
501947051257516033
501950392897634304
501951550076379136
501951946711134210
501958094239571968
501965347793010688
501969385545015296
501971811337113601
501972993548238849
501974281610215424
501975028401856513
501975680322908160
501979822889775104
501983424648081410
501991229651836929
501995287742001152
501996156486840322
501996975370170368
502000645788815360
502006821964746752
502009861182599168
502011919788560384
502014228388413440
502015841639346176
502026682065104896
502027069417865216
502027355163205632
502030512467492864
502034608553480192
502036676982878208
502039449362898944
502045005129973760
502045662520049665
502047292388818944
502048023439237120
502048090128252928
502050407841943552
502050886840242176
502053341816713217
502053970555064320
502058467939848192
502062291853266944
502064409926066176
502064774621184000
502067169354870784
502067288833818624
502071343026692099
502073213279825920
502074090224496640
502076684661948416
502080071851454465
499922822706507776
499922880663400449
499923250412277760
499923512497147909
499924482400989184
499924928234549248
499925164146950145
499925820136509441
499926509000597504
499928705641484289
499929775721697280
499933360647843841
499933571935899648
499934199705374721
499935094983753728
499935692760576000
499936028028071936
499936052170477569
499939101320421376
499940358735036416
499942099643801600
499943016430583808
499943050568011777
499943538604253184
499943818712858625
499947104270180353
499947122348015616
499947436651995136
499948432136495105
499950485780959232
499950550587539456
499953866025484288
499954261795811328
499954848972820480
499954952522199040
499956591756861440
499956877275717632
499956982892085248
499958094177525760
499958261542825984
499958273731469312
499960451015667712
499962439606087680
499964008364269568
499964492382760960
499965914880544770
499967408954556416
499974762773630976
499981731751944193
500016843835604992
500027958724395008
500029673615917057
500031892578512896
500033377526099968
500035181148127232
500035276077797376
500035831579410433
500035839741935616
500035951016804352
500037019087962112
500037178505048065
500037437079695360
500038939957153792
500040381224873984
500083660557545475
500091315481112576
500091927795335168
500094877674524672
500113311577681921
500192803159564289
500194063845687296
500194348093677568
500195268407873536
500196045687914496
500196802990444544
500197743282114560
500198510961389568
500198935362015232
500201250051620864
500202751595253760
500203006408024064
500203728159666176
500204088358100992
500205044390985730
500205621426139137
500207239496761345
500213612095746049
500218264501620736
500219534411038721
501601401676759040
501602480363282432
501611944835444736
501612114432491520
501612148452118529
501612457979170816
501612597998006272
501612953674592257
501613129579900928
501615979382591488
501616241438892032
501618362397769728
501620726097408002
501622887594610688
501624418678747137
501625598041530368
501627577338200064
501628828402216960
501628956161081344
501629003443503104
501629680043044865
501629774306226177
501630070755450880
501630167203479552
501630407990083584
501632496313053184
501632973540560897
501634918976606208
501635089604694016
501635325840474112
501635471202856961
501636497439981568
501647549129031680
501661049129807873
501662276924227584
501667623843954688
501676260020723712
501687909356146688
501688715111301120
501690067199344641
501691931936980993
501696885984620545
501709172594196480
501709466388402176
501710730090262529
501715889059004416
501717602532872193
501719972197195776
501720321536569344
501721202675965952
501723033061847040
501726910817533952
501729883715035136
501733008102014977
501736286571335680
501750283891138560
501752462404235264
501752815337742337
501760895370792960
501760907723018240
501761068872396800
501761178305978368
501768977475829760
501799651733815297
502083425634091009
502085046443204608
502085253519769600
502086382404116480
502088228422160384
502091152791584768
502091473677205504
502091947029585920
502094104101011456
502096832852684800
502098634607841282
502104467529936896
502104900164386816
502104964416962560
502105003033894912
502105006854905856
502105038689685504
502105057060741120
502105160018305024
502105173536550912
502105180201299968
502105193274966017
502105301454438400
502105312007311360
502105931648630784
502106155993530368
502106181104857089
502106186095669249
502106213157326849
502106539188969472
502106770870112256
502107037065818112
502107043986411521
502107238706991104
502107241240342528
502108256706523136
502109203625177089
502109560937922561
502109580688896001
502110093799092226
502110139898290176
502110214468804608
502110376956534784
502110400054587392
502111104181731328
502111390250041344
502111397551951872
502112084742516736
502112095274401792
502112392537714688
502112403812024320
502112687048769536
502112702236332032
502113096597778432
502113531664556032
502114063296765952
502114076466896896
502115515482247168
502115524340629504
502116246935339008
502118893188825088
502119430374326272
502122538722656256
502123794694021121
502124968289656832
502125351116345344
502126681361231872
502127468141371392
502127475963731968
502134334845751296
502134816439930880
502135685391077376
502136927579942912
502140627279020032
502140766316425217
502142158938177537
502142532370067456
502143649656737792
502144156777459712
502144171839201280
502149348134621185
502153432137220096
502159240757129216
502160959943999488
502161017007505409
502161619942522880
502162091516903424
502172153157255169
502175767867162624
502182760061345793
502193706968313856
502194572743933952
502207851767402496
502219254507118592
502231422548336640
502235411096166400
502240045966053376
502240363495833601
502240637136031745
502240873825177601
502246369110028288
502249883026604032
502251224524414977
502251239749713920
502251847160455168
502254055495053313
502260847176331264
502264258189860864
502283729650188289
502311274667974656
502311833848786946
502315150070652928
502318888009617408
502319524499456001
502333814056955904
502708679280697344
502719507324878848
502719907789012993
502728357734526977
502755841557417984
502791530499690497
502793967381925888
502799956533854209
502820126341996545
502842498562396160
502843121374601219
502844129571655680
502864417181421568
500244513294913536
500249637845217280
500256382248288256
500265959681458176
500272571355381762
500275632715366400
500338502798938113
500348215410302977
500351929994973184
500372777309052928
500389523579469824
500405840831324160
500416752099274754
500422931282132992
500464930420977664
500466431108997122
500467599147143168
500478442337742848
500514023365160961
500515172646412288
500572490671067136
500617144514932737
500617433393008641
500617621025611776
500618364524691456
500618533601288192
500631473956061186
500632055517282304
500651404835717120
500660896809885697
502904916634243072
502905041549000704
502908309352218624
502918023100235776
502937863386693633
502959434608701440
502967863612026880
502968266206093312
502980137743572993
502981012503400449
502981653564649472
502983650418229248
502990942207741953
503010721664622592
503011481202728960
503011925853491200
503012158054346752
503146656221515777
503225836997455872
503245720477245440
503247094313144321
503252511080595457
503252994423791616
503257369770336257
503263987841380352
503278563056156673
503278676822458369
503278705968680960
503278761195081728
503278911074369536
503278938194710529
503279050685964288
503279275642871809
503280147957833728
503281240229695488
503281267560161280
503281464658907136
503282377016479745
503282774531653634
503284892461842433
503284996103499777
503285935392714755
503286167341903872
503286167660666880
503287101493112832
503288970458177536
503289270988472320
503289543349768193
503290206452453376
503290439014043648
503290459754885120
503290971950288896
503292848910114816
503294094031192066
503295674201288705
503298346900262912
503298443692224512
503301344690991105
503303207796613121
503311282590588928
503316279160504321
503316400493301760
503316528214081537
503316646287929344
503316774079967234
503317048668475392
503317388691910658
503317961936236544
503318359380094976
503318560811515904
503318599612628992
503322511585845249
503325003736043520
503330850965295104
503335953768148992
503337110964011008
503338190267092992
503355953748525057
503357783140732928
503359485021519872
503363488723775489
503379108718313472
503383364951236608
503385229436780544
503386046114316288
503390322332684288
503398696004755457
503399526393061376
503448170358390784
503457843849469953
503464320572084224
503501935723311105
503511478004355072
503561099892240384
503569314243690496
503600601876275200
503601626784227328
503604970885623808
503612229736873985
503629760165969921
503637909938110464
503641676263350272
503646739052916736
503647270739263488
503647344207101952
503669241128947714
503669837345095682
503670728122564608
503671729739538432
503675404029546496
503675530994933761
503677458210881537
503685325009723393
503686345613537280
503690598314815488
503703030219280384
503714246803599360
503714531798155265
503717369689407488
503725947313717248
503725967311769601
503726005388062720
503726020219129859
503726050258325505
503726054595657728
503726080017317888
503726081019764736
503726081724010497
503726084698148866
503726097465638912
503726150762639360
503726160224980992
503726167669882880
503726170542997505
503726183599464448
503726212058206208
503726240033800192
503726241619656705
503726248892567552
503726255792218112
503726273982910464
503726279502618624
503726245335793665
503726313597718530
503726320056930304
503726322364186624
503726324591394816
503726332161695746
503726366089809921
503726373450829824
503726377326358528
503726388885852160
503726389435326464
503726395462131713
503726395684831232
503726401728442368
503726417813573632
503726432666009600
503726446062620672
503726452492099584
503726467721994243
503726478329405440
503726518611083264
503726584121933824
503726588836708352
503726589574905856
503726596180549632
503726599045648385
503726627512020993
503726639554236416
503726640430850048
503726661532397570
503726675956600832
503726681459544065
503726743904350208
503726760622829569
503726761155121152
503726769669963776
503726771615694848
503726780906500097
503726785595719680
503726822584889344
503726825202532352
503726826452447232
503726858715025409
503726872489099265
503726890881142784
503726903325642752
503726904378400768
503726911491567616
503726919616323584
503726924188098560
503726984594477061
503726988692307968
503726991174955010
503726991758344192
503726998632808448
503727009705369600
503727014667620352
503727027724505088
503727058460364800
503727066416562176
503727086063083520
503727102513147904
503727137787236353
503727164894633984
503727175762071552
503727189008089088
503727226567663617
503727238995795969
503727282398060545
503727285128945665
503727292095672321
503727293739462656
503727293794369537
503727304158494720
503727319576354816
503727364338352129
503727407929782272
503727467694391297
503727485138530304
503727497767174145
503727536720052224
503727543942656000
503727592852455424
503727599198015488
503727634501890049
503727667645276161
503727739967651840
503727823966994432
503727897811890176
503727918712111104
503727926106660865
503727952614662146
503727954707234817
503727976446701568
503728034117992448
503728158479495170
503728183628541952
503728206583963648
503728279350947842
503728296975015936
503728453561380865
503728455117451264
503728581428928514
503728651415064576
503728658876747778
503728707908141056
503728795023462400
503728941278842882
503728941904175104
503728960803721216
503728989329162241
503728942281281536
503729054529630209
503729099140235264
503729228459044866
503729245970251778
503729304803741696
503729472483639298
503729536098648065
503729663567331329
503729699776774145
503729785235701760
503729807495266305
503729811806646272
503729829850513408
503729838637600769
503729946724806656
503729953750265856
503729954266546178
503729977784033282
503729982947209216
503730017851830273
503730056301006848
503730064693792768
503730138035392514
503730162492391424
503730191559327744
503730246068490240
503730313319952384
503730399127040000
503730671396069376
503730689779707904
503730869992177664
503731508159721472
503732170007908352
503732548611358721
503733571233001473
503733964062736384
503734967755481088
503735038152683520
503735992231006208
503737498636648448
503737793034874880
503740152296914944
503740856759627776
503747321926922240
503748395278688256
503748678775873536
503749542861619200
503750839031578624
503751877176356866
503754246697668608
503755656814288896
503755699302584320
503755710312611840
503755820543131648
503755853497790464
503755853699100672
503755879435350017
503756165688598528
503756177071947776
503756408111005696
503762088972791809
503771439464325120
503773398468526081
503773542698463233
503773940033282048
503775477668929537
503778226087292928
503793264139722753
503805588036268032
503813033286594560
503849140053626880
503898574380617728
503918113285349376
503920383977082881
503924450635829249
503924610396872704
503924987766779905
503925837310459905
503928935798046722
503929769151717376
503931880602099713
503932091709792256
503946027263864832
503946166225346561
503946839109165056
503947104361148416
503947612299755520
503947793782697984
503947967582072832
503948052453814272
503948255743729664
503948445322067968
503948923623321600
503949021627445248
503949271172120576
503949273197588480
503949288947191809
503951330898362368
503952663521021952
503954082554736640
503954134710878208
503954408657661952
503954760047677441
503955290841042944
503955586560425985
503956287164776449
503956360720314369
503956754770968576
503956945716264960
503957472915488768
503957923337617408
503958290444083200
503959149692993536
503959219268485120
503959436671451137
503959797172293632
503960211326263296
503965827415019520
503966430938017792
503968390504255488
503968804951822336
503973172447043585
503977492018114561
503979612167471105
503980855321436160
503984854045036544
503986695679668224
503987716720455680
503988700045656064
503991293039882240
503991785647902720
504000638528016384
504000940379475970
504001544765730816
504017316053807104
504022802291499008
504031043675226112
504035907704721408
504036267181752321
504036270620672000
504036589744713729
504037242248372224
504038114034073600
504049210673467393
501475415824035840
501475632191397888
501475720137555968
501475728106729472
501475883946082304
501475942276296706
501475992909926400
501476101072642048
501476167929831425
501476288435982336
501476654024507392
501476818713862144
501477355718987776
501479548585000963
501481589931388928
501487667142352897
501496021596528642
501498151128162306
501502447697678336
501502593118793729
501506135254638592
501507713566662657
501509795573415936
501521521933025280
501526608298405888
501529038733996032
501536431324823552
501538586161061890
501553312941223936
501567460995518464
501573410506280960
501573926083112960
501583146530668544
501583698836619265
501583875563601921
501585800203476993
501586872574177281
501593134594531328
501236219574222851
501236497031626752
501236841249398784
501238692087095297
501239464132218882
501240398115655680
501240622783541248
501241161399685120
501241535661621249
501241656214319105
501244317722480640
501244815217266688
501245056989560833
501245128715952128
501245414339670016
501245541246722048
501245948140326912
501246081075007488
501246844836786176
501251006173552640
501251943109775360
501256318322094081
501259614491406338
501260446758735873
501264522506563584
501265605828177922
501286378710110208
501290211830398976
501290867731464193
501295111586983937
501296858925662208
501301483875618818
501302884311769089
501303796338016256
501305930202746880
501305997663563776
501311725787181057
501334776822124544
501335039846936576
501342055881535488
501345910396571648
501347312099401728
501355765697761281
501357959830454272
501368005306380288
501372228555264000
501372401444065281
501374378924580864
501374934896361472
501376758214852608
501376953228992514
501377788205875200
501379871483133952
501381130017583104
501385410329976833
501385976103849984
501386252151963648
501387882896961536
501393531471028225
501393591689019392
501395646176587777
501396113803329538
501397346866188288
501398599629287424
501403720249143297
501407507173363712
501408741238243328
501413256519770113
501413386098581505
501413514385588224
501413944641069056
501414175470813184
501414249374044162
501414359566790656
501414393784315905
501414776288075776
501415131826249728
501415705523548160
501417093686784000
501417309597368320
501420639950209024
501420753875898368
501421073444143107
501421200019451905
501422718496288768
501424484797415424
501425671554727936
501426713231126529
501426911336488961
501426963245170688
501450165736464384
501455304476073984
501463863108182018
501466230062989313
504085706252500992
504088471460659203
504090365645713408
504093326518534144
504140820791197696
504142419688833024
504213587678617600
504219528436670464
504234292994899968
504267714978791425
504278731678945280
504279133921484800
504281324828360704
504286703549677568
504294549897117696
504350176090554371
504399344125370368
504434494892699648
504436338528370688
504437132384296961
504437160523878400
504437787593293825
504438127503495168
504438163113541632
504439022563758080
504440802366328832
504442371501998081
504445720389115904
504451449112514560
504463595032166400
504512887247749120
504513393454481408
504521202673930242
504536146609967104
504610983055081472
500724877502865409
500736702466375682
500736819680391168
500737377284157440
500738957320024064
500781307656691713
500782171834306560
500782677356580864
500782893833003008
500793877520211969
500825785083904000
500843303533674496
501046372217266178
501046920135991296
501058373308411904
501058588681732096
501061153871495169
498684414483001344
498690966665302016
498691154876309504
498691312325914625
498691709430415360
498691786760417281
498691973360783360
498692348856270848
498692614368288768
498696618250489856
498698272945762304
498698401207582720
498698680958869504
498699178353381377
498699469165428736
498703374611529729
498703608813064192
498709757667332097
498710393066242048
498711369982967808
498713420196098048
498713785406717952
498713807464583168
498713911949291520
498714445032718336
498716305969512448
498716672573071360
498726086193463297
498728817276764160
498733531175321601
498735445644414976
498735583942819841
498762509705175041
498823739031969792
498829890578161666
498832276667793408
498832486378790913
498832706537418752
498832962490994689
498833024554131456
498833243199008768
498833286899437569
498833322299387905
498833632589783040
498835272000626688
498836231858692096
498839640854757378
498841571228266496
498843612914778112
498846243117072385
498848886979837952
498849034065285121
498849148410789888
498849178630782977
498849256531578880
498849280539783168
498849336911224832
498849535477547011
498849800813834240
498849819830796288
498850103588052992
498850149397852160
498850187839021056
498850436762583040
498850478307180545
498850987025907714
498851224330858496
498851382439710720
498851391352631296
498851441248063488
498851498844237824
498851500031221760
498851585863454721
498851599901794306
498851736879370240
498851756877815808
498851866034601984
498851906312089600
498852012880953344
498852022578577410
498852081210761216
498852175825866752
498852243731660800
498852301617233920
498852382496014336
498852563400544256
498852741440348160
498852743722074112
498852979160530944
498853282283274241
498853567680495616
498853586374500354
498853829241487360
498853909679841281
498853929636335617
498854355823370241
498854641015484417
498854774486609920
498854809617707009
498855045556084736
498855202699890688
498855683157020672
498855730494308353
498855739041914881
498855924543414272
498856358247411712
498856484961517568
498856766067974144
498856808464023552
498857042350596097
498857656946130944
498858262066761732
498858470070702080
498860803320459264
498862907816693760
498862910345453570
498863327989493761
498865393545801728
498869221766758401
498870316324913153
498870496658591744
498870685855264768
498870887618478082
498871157588652032
498871496115490816
498872947822833664
498874079198576641
498877685742182400
498881526801899520
498885917684154368
498887003271094272
498887337376751616
498889718608580608
498889982954975232
498894749995397120
498925415025872896
498931249705410560
498947007785238528
498983498020323328
499039646962053120
499039852835241984
499062525041057793
499062687989792768
499063271425449984
499064086210961408
499067240562843648
499093574844026881
499177499264561153
499178078862450688
499724149062107136
499740919730810880
499741185804873728
499742762624110592
499748222076977152
499748737745305600
499748790098591745
499748909372411904
499748955388125184
499749031992885248
499749043778494466
499749160170422272
499749232136310784
499749238268784642
499749312507944960
499749328693760001
499749418628050946
499749459589623808
499749914482450432
499749940630134784
499750005230813184
499750132384952324
499750135120019456
499750145840652289
499750473080262657
499751142902218752
499751943720693760
499752118606376961
499752519254683649
499752665854013440
499752689774120960
499752697721929729
499754076243251201
499755016950128640
499755120721018880
499758368803008513
499758749939400704
499758751776141312
499758795757998080
499758800799150080
499758824371130370
499759112536989697
499759207185264640
499759562879434752
499759862029365248
499760011703504897
499761140478406657
499762484853882882
499762951868674049
499762997511094272
499763122534494208
499763175495966722
499763567600472065
499764695549493248
499764967487582209
499765628320772097
499766121126707201
499767201826869249
499767460435066880
499767554664312832
499767790136725504
499768049663479808
499769616009531393
499772003826827264
499772387911421952
499772664115122177
499773407886860288
499774880750268416
499775281427918850
499781353890906114
499784769069412352
499791948795117568
499792165531553793
499793138853367808
499796238795960320
499811746954362880
499814066932953088
499830524752318464
499859945630601216
499860115613171712
499860376809639936
499860838618898433
499861068827877376
499861079120687104
499861185840156672
499861710971228160
499871572023586816
499871628302749696
499871659453476864
499871813066051584
499871832888320000
499871844032610304
499871850860929024
499871879063420928
499871968934760448
499872054045605889
499872071225470976
499872134924341249
499872173402914817
499872196840677376
499872365321666560
499872408208408576
499872465288704000
499872642812616704
499872686810857473
499872724400218112
499872768020971521
499872828318302208
499872836203610112
499872840246509568
499873345316597761
499873382541037568
499873574019411968
499873682794479616
499873743704174592
499873743754514432
499873743855181825
499873750209142784
499873762162929665
499873828290699264
499873947522191360
499874047799218177
499874136903413760
499874249570787328
499874262694371328
499874452977770496
499874549291560961
499874574763560960
499875010463690752
499875079476350978
499875814775590912
499875878009335809
499875978890711040
499876187381194752
499876212651868160
499876333443620864
499876562062561280
499876718447190016
499876955706363904
499877157490147329
499877520184184832
499877528538857472
499877571593789440
499877727269560321
499877997395341312
499878066571976705
499878109735575552
499878184239001600
499878336748089344
499878389042675712
499878425218543617
499878528377442304
499878829268406272
499878893789405185
499878917625610240
499878922637828096
499879032826376193
499879763562229760
499879795938062336
499879816204914690
499880046690316289
499880349569388545
499880637164429312
499880662376407040
499880787890946048
499880950395043840
499881133799403521
499881165093097472
499881225608495104
499881242951950336
499881366763618304
499881559093444608
499881623429869568
499881945594363905
499882250268602368
499882878814388224
499883070393450496
499883193349451776
499883234230943744
499883400774557696
499883412002705408
499883527983595520
499883617200644096
499883663220539393
499883696410066945
499883699069284353
499883736943837184
499883770305339392
499883824835072000
499883965785071616
499883979429142528
499883980519272449
499883988321042432
499884096584421376
499884159415099393
499884200414412800
499884294454923265
499884380266172416
499884417985568768
499884422020485120
499884508834185217
499884575959822336
499884578010828801
499884582716854272
499884823839002624
499884825139236864
499884880700772355
499885054068527105
499885105309958147
499885222528548864
499885514263371776
499885520949096448
499885754265661440
499885809819222016
499885897521692674
499886024915714048
499886146646974464
499886193191186432
499886199264526336
499886237118107650
499886240234483712
499886275352997888
499886671748661248
499886830775701504
499886955682103297
499887097344307201
499887104080748544
499887340379439104
499887340828241920
499887614443659264
499887695964176384
499887747965153280
499888187884703744
499888203537846272
499888482299674624
499888649518194688
499888667977342976
499888688340668416
499888719294636032
499888807135944704
499888814475984896
499888862639177728
499889020269510657
499889056856428545
499889282497413121
499889284770705409
499889403553394688
499889421362405376
499889493714153473
499889784014503936
499889851513470977
499889891543896065
499889926956408832
499890015502352384
499890206536126464
499890361398231040
499890381438611456
499890424946106368
499890425709473793
499890444033990657
499890663828508672
499890990023708672
499891016514957312
499891178477993984
499891445084352514
499891477817090048
499891607119089665
499891705965858817
499891820638515202
499891899223007232
499891958064902145
499892194871087104
499892322428256256
499892483820908544
499892578696036352
499892749924311041
499892792726781954
499892838889684993
499893078086651904
499893717512486913
499894268040069121
499894408796712960
499894583552405504
499894716914466816
499894745238626304
499894870140796928
499895034096140289
499895206519791616
499895240728543232
499896158840684544
499896222489264128
499896887210942464
499896933771915264
499896962645491712
499896973521354753
499897117192642561
499897334416035840
499897560459665408
499897600473325569
499897841842937857
499897931571671040
499898066640834560
499898713473818624
499898779580268545
499898806943883264
499898951395708928
499899154651697153
499899231046733825
499899265838510080
499899306581983234
499899313636798464
499899361057599488
499899482197467137
499899567912280064
499899655187341312
499899875983515649
499900344294731776
499900417615331328
499900512805072896
499900883732148224
499900990855057408
499901036321341440
499902108817055746
499902291219349504
499902603510439937
499902651023507456
499902758032801792
499903042838212608
499903418589519872
499903499061448704
499903805702823936
499903978969522176
499904351100731393
499904585323253762
499904664415256576
499904717401886720
499904756404731904
499904935723421699
499905111427006464
499905494731866112
499906103803920384
499906184011591682
499906310809608192
499906424005472258
499906592620683264
499906820543356928
499906865791516674
499907389597171712
499907427564019712
499907455389032449
499907624310431746
499907797274730496
499907911179862016
499908234736447490
499908254961766400
499908318392225792
499908331717529601
499908561120800768
499908844202774528
499909412216389632
499909636414111745
499909799127965697
499909919408390145
499910473098461185
499910506669678592
499910761158701056
499911133701349376
499911430272212992
499911798435217408
499911845851848705
499911937925595136
499912762546716673
499912913810108416
499913072128307200
499913098963484672
499913454057426944
499914063833726976
499914280658292736
499914397784227841
499914506135695360
499914711887261696
499914746024710145
499914749254311936
499915031132119041
499915949693083648
499916815729188864
499917850841460736
499918044123373568
499918423468834817
499918631011381249
499919786605047808
499919955165720576
499920274440327168
499920798065238016
499920978500390912
499921348882624514
499921626251931648
499922189299515393
