532407171867480064
532425891268153345
532431693743788032
532432769927086080
532433331389206528
532435089112580096
532435963314995200
532443242525392896
532525500317859840
532537653506240512
532568177528832000
532570522022707200
532579445954326528
532601582492590080
532613837707829250
532784895118938113
532933107914395648
532995705326292992
533027721731780609
533738302705123330
533783135969116160
533810589005774849
534430823119060994
534601940013817856
534602700730945536
534633907421868032
534656715031977984
534658280115961857
534662965404778496
534664120587411456
534671612218314752
534675790093623296
534683783141003264
534684933563121664
534689652423528448
534696523951374337
534696605455491072
534696864868618240
534698434876698624
534699533012594688
534705730377748480
534729876318593027
534734890743246848
534735166288441345
534744846523584512
534763207395930113
534767879825006592
534769409387003904
535098404976615424
535099393213739008
535099709573320704
535114836053479424
535860875094413312
535860961932890112
535861072214110208
535862846328799232
535864990553870336
535867164767834113
535868043038298112
535935889068019712
535936075873931264
535936567685439488
535936740394291201
535936819742138369
535936998847311872
535937217282473985
535937289160261634
535947913546170368
536190414173515776
536331329885855744
536331516343615488
536331568605065217
536334744540434432
536335207004381184
536335560236101632
536336001229410304
536336355437998080
536337405033578496
536342140415385600
536342658424528896
536344546938855424
536350886843277313
536351036886507521
536352202999087104
536352416464396288
536353012956934144
536353256470233088
536357654952562688
536361085373534208
536361459228606466
536399135406960640
536557300820238337
536644901610336257
536646165282824192
536705353724219393
536706585293508608
536707363898945536
536708383878168578
536967660035395584
536978996651884544
536996625629978624
536997164271284224
537175918280589312
537176040502607873
537176182186196992
537176334598799360
537176542447960064
537176912268128256
537176955360403456
537177328988590080
537177640910983168
537177702906994688
537177864026988544
537178108471050240
537178336028413952
537178433571553280
537178613117112320
537178651234951168
537179353172672512
537179393702252544
537179403785363456
537179405550759937
537179592713588736
537179676897443840
537179812826456064
537180121044910080
537180166368534528
537180418999853056
537180460812472320
537180586038001664
537181142722830336
537181301250748417
537181327393828864
537181935853121536
537183474981937152
537184318574325760
537184591795466240
537184823497203712
537186508374290433
537186929733689344
537187042073927680
537188237673259009
537188588136321024
537188928923918336
537188987073728512
537189105076301824
537189125812912128
537189463844466688
537189543808466945
537189600427778048
537189755013058560
537189759693881344
537189786910724096
537189892921376770
537190191581380608
537190203874488320
537190240809541632
537190589339828224
537190970581090304
537191151598841856
537191176223588353
537191459049734144
537191664725819392
537191749295558657
537191812847632384
537191817851465730
537192357066985472
537192475744817152
537192672776437760
537193006802419712
537193098833842176
537193197798440961
537193221248778240
537193310168047616
537193343642374144
537193491806552064
537193618025758721
537193661801713664
537194230905454592
537194350132748288
537194354184814592
537194816187404288
537194862190534656
537195051726565376
537195373677142017
537195425863057408
537196421796352000
537196594806812672
537196918146084864
537196981358448640
537197371944632320
537197664631521280
537197697556824064
537197826263244800
537198041170968578
537198256623988737
537198367366209536
537198501357449216
537198687928475648
537198831171956737
537199017986654208
537199261960912896
537199512268599296
537199519176601600
537199541267988480
537199622419394560
537199737997639681
537200380275609600
537200859751673856
537201002542563328
537201043034361856
537201136932241408
537201222005309441
537201238375665666
537201419083063296
537201585970249728
537202024660877312
537202087919370240
537202097511727104
537202265254162432
537202274192601089
537202349857861632
537202370640625664
537202446897262593
537202963937501184
537203586644865024
537204463728332800
537204539732922368
537204923004633088
537205147802542080
537205154941272065
537205545317715968
537205771805925376
537205797483474944
537205890206932992
537206062320222208
537206745718730752
537206909359886336
537207032991191040
537207070441734145
537207433853431808
537208302724460544
537208431917432834
537209393646161920
537209470779027456
537209503951761408
537209668284973057
537210004051611648
537210467861950464
537210505232785408
537210763648450561
537210912021946369
537211173427752960
537211507470106624
537211527976468480
537212046862188545
537212109416067073
537213348199137280
537213464000069632
537213536343433216
537213537421385728
537213563895812096
537213575115583488
537213711493369856
537213720444035072
537213914820669440
537213928606928896
537214037457915904
537214157805084672
537214203896291329
537214303599067136
537214357726568448
537215444097449984
537215771680993280
537216115714588673
537216579705274368
537216696055259136
537216772043468800
537217521192296450
537219178596696064
537219277741621248
537219431676805120
537219582080331776
537219700829466625
537220756678397952
537221397274451968
537221565319229440
537222051208388608
537222704706093056
537222953721929728
537223263320293377
537223502752141312
537223825868746752
537225354755059712
537225390620553218
537225902451458048
537225938195734528
537226208857960448
537226436722315264
537226849039163392
537226922770829312
537227490264383488
537227575647801344
537227651455664128
537227689414127616
537227765410713600
537227846897639424
537227860101332992
537228304261341184
537228963350056960
537229040894369793
537229607691239425
537230216410968064
537230548666941441
537232654098509824
537232935943172097
537233034207330304
537233128054870016
537233775386980352
537233999857737728
537234771458666496
537234858725343232
537234877050265601
537234940023541760
537235042334818304
537235114707927041
537235255892381696
537235301216026626
537235406656647168
537235578706993152
537235584369315840
537236040117805056
537236367802396672
537236582219382786
537236608358301696
537236617401233409
537236669229830144
537236948428292096
537237460208459776
537237494740549633
537237518593556480
537237627510861825
537237804028137472
537238261601943553
537238441273352192
537238580024725505
537238602728882176
537238674036232193
537239304628862977
537239793378537472
537239793378537472
537240683627950081
537240741336985601
537240813840113665
537241622971293696
537242110991560704
537243531103178752
537243991008628736
537244463140438017
537245775936651264
537246002273869826
537246195496656896
537246289449480192
537246626646351873
537247437547511808
537247550429204480
537248813413838848
537248917260599296
537249004791554048
537249048944979968
537249606011060224
537249865022320640
537249896592842752
537249938074120194
537250255520428032
537250413364670464
537250665597128704
537250725345366016
537250940072759296
537251160004915202
537251249629196289
537251525257859073
537251659085119490
537251707903037440
537252111885795328
537252623192453121
537252780432297984
537253469061931008
537253686926659584
537253730555809792
537253996474683392
537254154553798656
537254224653221888
537254472817201153
537254545689423872
537254712169353217
537255177565532161
537255991000453120
537257839673503744
537258352267780096
537258762587742210
537259211538055168
537259429016895488
537259445009403904
537260114152292353
537260807231643648
537261290452836353
537263648595795968
537263852153749504
537265682581573632
537266101290549248
537266218689114112
537266733774802944
537267211636068352
537267302547611648
537267561524920320
537267916530782208
537268035380600833
537268502684794880
537268612458106880
537269149244743680
537269358779969537
537271031254507520
537271850104274944
537272644450521088
537273247960559617
537273415187439616
537273667852722176
537274042383101952
537275343451590658
537275655491031040
537276956484456448
537277569218121728
537277762730725376
537277877319131136
537278662870310914
537279431291977728
537279514746032129
537279591803801600
537280562612822016
537280619022016512
537280893006512128
537281910330777600
537282699912691712
537283101916147712
537283189606465536
537283235555049472
537283486814851072
537283830596390913
537283919914475521
537283948842602496
537284806951047169
537285117597995009
537285123071553536
537285431063101440
537286069881159680
537286329529147393
537286628847665154
537286871739817986
537287243015405569
537287853982896129
537288216400121856
537288584701935617
537289557968834560
537289614974017536
537290310343479296
537290749919109120
537291106715590657
537291568634667008
537291825015308289
537292226867781632
537292655664041984
537295307634376705
537297147264118784
537299773796384768
537304365556838400
537304569609748481
537305706647814144
537306065155948544
537306931128303616
537307077136617472
537307561372819456
537308577040695297
537309883159572480
537310852031193088
537311188254986241
537314843955429376
537315546577272832
537317659210444802
537317904283627520
537320059480580098
537322340875776001
537322456042975232
537325971633078273
537326566901317633
537326604834201600
537326978584829952
537328185445072896
537328292349890562
537328899030790144
537328936170967040
537329314673733633
537329484278792192
537329731537215488
537329820498415616
537330059905073152
537330120357199873
537330341279584257
537330963131674624
537331238852251648
537331260087996416
537331323950465025
537333914034249729
537333914034249729
537335396838154240
537336768786595840
537338806173966336
537341202874769408
537341820103962624
537343349083340801
537347497501663232
537348737480159233
537350518662639616
537351347071234050
537355871358287875
537357181394247680
537357594965577728
537358594715295744
537358804896460800
537359278471151616
537359518657941504
537360524015448064
537360542801752065
537360563467071488
537360581003866113
537360866631757824
537361008143400960
537361077429084160
537361134752653312
537361199013195776
537361205175009280
537361281154424833
537361377414115329
537361670129975296
537361693660426242
537361747599187968
537361771112042496
537361812140740608
537362058904600578
537362182875267072
537365408798351360
537365603120869376
537366119812562944
537366243582689280
537366367947608064
537366862246731776
537366985487958016
537367014466023424
537367100713881601
537367434521755648
537368089604915200
537368254076174337
537368422061854720
537368553838899200
537368556485509121
537368592644603904
537368659103326208
537368723989217280
537368850703323138
537368939232493568
537368973592256512
537368977157398528
537369014855823360
537369077954908161
537369148717039616
537369159785775104
537369191985446913
537369197203165184
537369219315544065
537369279373778946
537369279394766848
537369291717611520
537369540234342400
537369591656488962
537369958477733888
537370187805503488
537370190657622016
537370194524774400
537370289647394817
537370346018840577
537370392026165248
537370399039029248
537370603930386432
537370901382430720
537370999675953152
537371367755497473
537371518700126208
537371674388480000
537371679392268289
537371891078410240
537371943356596224
537371965439639552
537371975191392256
537372653209022464
537372736113623040
537372759408803841
537372834579120128
537373023268241409
537373400478797824
537373587804790784
537373654368415744
537373852419235840
537374095969878017
537374189469331456
537374426149699584
537374751610904577
537375333478305792
537375544288231425
537376309878751234
537376455320412160
537376546953396224
537376652037484544
537376738633068544
537377581839155201
537377611522244610
537377798403661826
537377888912560128
537378211143774209
537378335773306880
537378359039115264
537378382389211136
537378527294009345
537378532104884224
537378790457241600
537378957923201024
537379456659501057
537381940618600448
537382808667586561
537382891995820033
537383260473819137
537385118495555585
537385319801569280
537388416774995968
537388699609477120
537390268958646272
537391105944203265
537391992079417344
537393093083820034
537395007909822464
537397365918142465
537397474802282496
537398142795513856
537398389244432384
537398407456120832
537398876467376129
537399090158796801
537400366741344256
537401857904480257
537402906270396416
537403445721178113
537405602025439233
537407913015672832
537411094596562944
537411686635143169
537414776968597505
537415286576517121
537416047847305216
537416677026045952
537418475841417216
537420534103826432
537423975694209024
537424569150504960
537427100341268480
537428680382119936
537433353029701633
537437991166570496
537438074377342977
537438436249333760
537438614234611712
537438663677067264
537438665786793984
537438888990875648
537439079689105408
537439362515226624
537440142425063424
537440486576111616
537441006656843777
537443246771675136
537446296605716480
537448053159243777
537449219125411841
537449526324625408
537450471976226818
537450776856383489
537450787719217152
537453978380795905
537455874563125248
537456032566771712
537457567682035712
537459678822023168
537461409727389696
537462446340841472
537463377535455232
537463531671941120
537463827462647808
537464140244484096
537464245198553088
537464431869837312
537464621368483840
537464700011704321
537465090404909056
537465961490550784
537466332736790528
537466541789683713
537467033227902977
537470816892370944
537471538581106688
537471632156413952
537471965569638401
537472913692053504
537473555785842688
537474821638987777
537478421970821120
537480612954013696
537485102448930816
537485839320625152
537486629145804800
537487698588467201
537491462221340673
537491600570478593
537494497710837760
537494566778441728
537494637297283072
537494663180345345
537494703231741952
537494714703183872
537494725704843265
537495042840338432
537496622309994496
537496916243013632
537498002127323137
537498431280136192
537498529594638336
537498586616201216
537498609106046977
537498654819774464
537498667830493184
537498691100475392
537498823145582593
537499179732725760
537499309621927936
537499515360931840
537502795457638400
537505107982577665
537506851382763520
537507454549262336
537510364666425344
537511251803639808
537515105437896704
537517190325739520
537519914433916928
537520232055963648
537520389640171520
537520717865426944
537521154031104000
537521760787517440
537522100463226880
537523339808763904
537524752265773056
537524829705211904
537526181252562945
537526448719142912
537527350230282240
537527842725056512
537528133155422208
537530364466855936
537531602822520833
537536607318851584
537539550961090560
537541193178304512
537544120655294464
537553573819994112
537571739111522304
537588760289218561
537588879587815424
537588974479753216
537590967864672256
537594055350185984
537605414373052416
537605487001616385
537609902135332864
537623815946502144
537623945013624832
537625277938274304
537631336203567104
537631347188445185
537635253909614592
537644017337782272
537649972385447936
537664667272101888
537664751401046017
537672153169424384
537679975936442368
537688139943649281
537691782784352256
537692249547874304
537698885133942784
537700594388307968
537710302867886080
537712191534018560
537715106218770432
537715111931043840
537715668003475456
537722555168088064
537725874649309185
537726611127152640
537727523539271682
537727724056358913
537727926523805697
537730042038480896
537732254202466304
537736206436429827
537737491613089792
537752768065576963
537767571743715329
537769392332091393
537769453535391745
537770322343112705
537770587515387904
537771728533872641
537771830598455296
537771990912733184
537772203748900864
537772488852127744
537773362014322691
537773609754689537
537775113156837376
537775842831499264
537776636054085632
537778527274151936
537780291289743361
537780500929052673
537780784300429312
537782390517948417
537787412894994432
537788723169984512
537789848640159744
537790270767910912
537791054981128192
537792200386805760
537793211477934080
537794021901754368
537794345294766080
537795377584672768
537795553783218176
537798090757898241
537798276519841792
537798542052454400
537798584247541760
537802939117473792
537804389763657728
537805003730472960
537811308557504512
537811509271744512
537811852550348800
537811905776078848
537811991122161664
537812029734522880
537812097795497985
537812141953122304
537812176518774784
537812675489570817
537812872156303360
537813007972069376
537813153649029121
537813195545530370
537813285148831744
537813457798586368
537813620194025472
537814687711121409
537815515377717248
537815575888928769
537815698467479553
537815764020256768
537818230161940483
537819210840174592
537819348342042625
537826360916725760
537829125063323648
537836529386024961
537838832084074496
537839354467844096
537840192045219840
537843850531065857
537846031510040577
537848307767607296
537851967800737793
537855642997112832
537859565878919168
537859877452791808
537859880388808705
537864722675011584
537887192048484352
537891288935575553
537894680751374337
537917964851220480
537935613077762049
537936122773766144
537942577840787457
537948929720320001
537950925974163456
537954795295096832
537954966636625920
537958290731597824
537960130428829696
537968355626745856
537973790345797635
537975200693116928
537976692858712065
537978487400042496
537983715587424256
537993347189985280
538003812863066112
538004859505889280
538005712576577536
538011140299968512
538014453934333952
538014536901869568
538014671576367104
538014714807451648
538014737838391296
538014824031342592
538014894940254208
538015114566569984
538015214881759232
538015276055691265
538015749579603968
538016029830836225
538016046649573376
538016064861638656
538016363147964416
538016861997522944
538016905718927360
538017666385321984
538018319647793152
538019045128171520
538019048101904384
538019232018350080
538019619542675457
538019660143534080
538020685973815296
538022948356251648
538023019764264961
538023539949830144
538023761568493568
538024564794474496
538024680587022336
538025007595925504
538025037174149120
538025666810101760
538027779665973248
538027821680312322
538029196921278464
538030112986628096
538031642963501056
538036059343319041
538037861136998400
538040193140281344
538047270982139904
538053252517220354
538056402644652032
538057099918704640
538065249346138112
538066087909523457
538077821152018432
538088036870144000
538088050237407232
538091428178456577
538110722874425344
538121487601770496
538127307178012672
538130889457553408
538142293145165824
538153120640286720
538153486031265793
538155284859203584
538155375183532032
538155801375154177
538155946950680576
538156117667639296
538158163938144258
538158280372412420
538158434412429312
538158562048868352
538158695243202560
538159295888896001
538159698084888577
538160286013091841
538168771496902657
538169002510778369
538169853581201408
538169933679833088
538187012965031936
538187997813145601
538190352336052225
538193241250619392
538194412015083521
538203349409992704
538222969068470272
538250329528496128
538283205636681728
538297341376073731
538297891216179200
538303406247792640
538307640649347072
538308603908595712
538317983894892545
538327391836598272
538327665556877312
538329818480140288
538330378826940416
538331387284422656
538331846225182720
538332303177826304
538332615132987393
538333676011257857
538334002453966848
538334410702352385
538334418004606976
538339218721095680
538341931634290689
538346490188423168
538346494634782720
538350538237440002
538351122852089856
538361757367296001
538363652081201152
538365032514723840
538383713659543552
538384803846840321
538394467783688192
538407577315733504
538408644505640960
538410258595446784
538411750748872705
538417105172176896
538417188361998336
538417298462490624
538418651297107968
538423461627322368
538424260076007424
538428171062751232
538428176477609984
538428176477609984
538428293905924097
538428356879212544
538429138168975361
538429362337771520
538435127496278016
538478864851566592
538480818109575170
538485247579795456
538487152296726528
538496725921456128
538509397220028416
538509400034377728
538509423946522624
538510641070211072
538510856724971520
538511840821932033
538514748783210496
538624790991732736
538665727012900865
538696776291979264
538703820901998594
538712520140546048
538713010299105281
538713493298769920
538716011454013440
538728122653634560
538731212177563648
538739416328437760
538795949963751424
538801113961873409
538847460446466050
538859806891601920
538860360795979776
538875773437087744
538877213496459264
538880647930994688
538925804780929025
539020612841529344
539047449885569024
539047498732412928
539049351621124096
539049458651377664
539049936571355136
539053239506046976
539053799797964800
539058273446416386
539058440514306048
539063871521046528
539073369963245568
539074942227070977
539075672312791040
539076295054077952
539078087196303360
539078624842756096
539079969159516160
539081244739649537
539081344001658880
539081650404360192
539083645060128768
539087655364210688
539089240882044931
539094061949677568
539094966304116737
539104975767363584
539108354795520000
539121984639365120
539142631679590401
539143242684837889
539144196444422144
539145792280612864
539153991125725186
539159021253840899
539164966344208384
539165230433980416
539185464755093504
539191488438362113
539221544707579904
539227798142197760
539253540133560320
539394398341967874
539404338255630337
539408730170077184
539433670558613504
539436144887599104
539436347346653185
539436483292459008
539453557896802304
539453622891724800
539453688507424768
539453751166128129
539453795357310976
539453851124781057
539453912634236928
539454060160512000
539460084502626304
539471545727737856
539477268062412800
539481702977241088
539488909164838913
539597057825472514
539626433560453120
539631562807984128
539672898097930240
539771565525962754
539822617134264321
539827693265911808
539834075767267329
539837461795336192
539839797846482944
539847668290166785
539848117588226050
539848490969350144
539849148376166400
539877941845712898
539882674387959810
539884789080141824
539886654891491329
539886895413870592
539887043925778432
539887906929008642
539894411841531904
539894920061145090
539902396118233088
539902422315847681
539909268292374529
539914861807804419
539920773155024897
539920938288955393
539930668659007488
539978099366969344
540005629457203200
540054441207267328
540060147268063232
540098522474106880
540147988237012993
540159471054368768
540159494399856640
540160250431553536
540161337880363008
540168650414518273
540190356365926400
540220688229875712
540245602831855616
540251426971086849
540251549961031681
540256020702830592
540256049278640128
540267404933070849
540272392942018560
540272811818762241
540272894979620864
540274498977533952
540274570524360704
540274606427238400
540275012545302528
540275041255313408
540275947912843267
540277164050903040
540277440497467392
540277694672277504
540278450313891841
540278612142718976
540279715488362496
540279715488362496
540281865899618305
540294685831741441
540295185536520192
540295260266835968
540296161119440897
540297767248490496
540308496496205824
540311997766967296
540318134473732096
540319267288518656
540321200556490752
540324051139723264
540339886184611840
540342332986769408
540351723035197440
540353878785396737
540359090233282561
540362497484521472
540380629939286017
540382986613452800
540383833313378304
540388441700442112
540389044820377601
540389423662497792
540393897219084289
540398406418440194
540428839533699073
540428839542079488
540437835971846144
540441291289788416
540457694004789248
540479312559112192
540483199478931457
540488474541834242
540503891629322240
540523346425704449
540535462184902656
540541524845424640
540541888948748288
540566789810585601
540578110765535232
540578277941719040
540579566931423232
540595066650521601
540643356578025472
540659191992844288
540673035972268033
540680932747780097
540682424364314624
540683432855359489
540683432855359489
540684173900791808
540693273418170369
540694238460006402
540699404357746688
540824641183313920
540824786230722561
540851343376658432
540853419360419840
540856491062726656
540858481150930944
540869969010257920
540878048724525057
540880129019641856
540880392199217153
540881952769732608
540884886882885632
540887441591508992
540905885921705984
540944326562299904
540987228281782272
541049489872531457
541086787683512321
541168388517928960
541206620189892608
541209085912158208
541209364531798016
541266145261527041
541269078422618113
541269261311041536
541272556272377857
541273180409987072
541273226664763392
541273531972325377
541273538200866817
541274292084686848
541282187446738944
541292550477205504
541312044822446081
541314942713225217
541334237342085121
541334421941415936
541335420769165312
541342327022047233
541356608379707392
541357837885374464
541358210393726976
541358996792541184
541363310017646592
541375910285688833
541378246210621440
541385809098993665
541389560291143680
541406324412936194
541406389609185281
541406814382718977
541415218002538496
541415545233367042
541444954204012544
541461434031697920
541462403389874176
541475711538561024
541475981106872320
541479663420588032
541480369372299264
541481558629040128
541486694332375040
541486791539568640
541488377187405824
541532136000331776
541543773365616640
541582436438900736
541646087619354624
541726574769610752
541770820536643584
541812269928050688
541834083647504384
541858241492160512
542043933778653185
542090097483862016
542312378701217792
542312839701331969
542312951102070784
542313053946413056
542313489147367424
542313610790584320
542315257369464833
542315714552823809
542343373475295232
542393298833256449
542394101183037440
542395210429243392
542398446137655298
542398633120108545
542400012081065985
542400288976408576
542401175065481216
542403090096197633
542403170593296385
542406826700992515
542407043009613824
542408976885747713
542409166082416640
542416680429703170
542418085471199232
542418224881487872
542419823297179648
542420083415347201
542420356279980032
542421451429539840
542427035335815171
542435296722173954
542436530518622208
542437914806738944
542445909338882051
542452263726243840
542456219231727616
542456769629286400
542460516124217344
542464444609998848
542464547525648384
542472365322813440
542473331170377729
542486007610757120
542531182995320832
